{"cells":[{"metadata":{"_uuid":"d3fb8901aee3f95962b3281c19ebe619c20936c7","_cell_guid":"adfbe30e-7ebb-0f88-d917-d9a8f97c638e","trusted":true},"cell_type":"code","source":"import numpy as np # linear algebra\nimport pandas as pd # data processing, CSV file I/O (e.g. pd.read_csv)\nimport seaborn as sns\nimport matplotlib.pyplot as plt\n%matplotlib inline\n\n# Import statements required for Plotly \nimport plotly.offline as py\npy.init_notebook_mode(connected=True)\nimport plotly.graph_objs as go\nimport plotly.tools as tls\n\n\nfrom sklearn.ensemble import RandomForestClassifier, GradientBoostingClassifier\nfrom sklearn.linear_model import LogisticRegression\nfrom sklearn.metrics import (accuracy_score, log_loss, classification_report)\nfrom imblearn.over_sampling import SMOTE\nimport xgboost\n\n# Import and suppress warnings\nimport warnings\nwarnings.filterwarnings('ignore')","execution_count":2,"outputs":[{"output_type":"display_data","data":{"text/html":"<script>requirejs.config({paths: { 'plotly': ['https://cdn.plot.ly/plotly-latest.min']},});if(!window.Plotly) {{require(['plotly'],function(plotly) {window.Plotly=plotly;});}}</script>","text/vnd.plotly.v1+html":"<script>requirejs.config({paths: { 'plotly': ['https://cdn.plot.ly/plotly-latest.min']},});if(!window.Plotly) {{require(['plotly'],function(plotly) {window.Plotly=plotly;});}}</script>"},"metadata":{}}]},{"metadata":{"_uuid":"059887e17d413543534c688def6592d2fb44df38","_cell_guid":"5af03c82-cb84-d943-f82c-fc0a15d46b48"},"cell_type":"markdown","source":"# 1. Exploratory Data Analysis\n\nLet us load in the dataset via the trusty Pandas package into a dataframe object and have a quick look at the first few rows"},{"metadata":{"_uuid":"55739699338c15cd5c11e609bf3106c1620df91e","_cell_guid":"e035b071-50f8-43ca-9611-fc47272bb05e","trusted":true},"cell_type":"code","source":"attrition = pd.read_csv('../input/WA_Fn-UseC_-HR-Employee-Attrition.csv')\nattrition.head()","execution_count":3,"outputs":[{"output_type":"execute_result","execution_count":3,"data":{"text/plain":"   Age         ...          YearsWithCurrManager\n0   41         ...                             5\n1   49         ...                             7\n2   37         ...                             0\n3   33         ...                             0\n4   27         ...                             2\n\n[5 rows x 35 columns]","text/html":"<div>\n<style scoped>\n    .dataframe tbody tr th:only-of-type {\n        vertical-align: middle;\n    }\n\n    .dataframe tbody tr th {\n        vertical-align: top;\n    }\n\n    .dataframe thead th {\n        text-align: right;\n    }\n</style>\n<table border=\"1\" class=\"dataframe\">\n  <thead>\n    <tr style=\"text-align: right;\">\n      <th></th>\n      <th>Age</th>\n      <th>Attrition</th>\n      <th>BusinessTravel</th>\n      <th>DailyRate</th>\n      <th>Department</th>\n      <th>DistanceFromHome</th>\n      <th>Education</th>\n      <th>EducationField</th>\n      <th>EmployeeCount</th>\n      <th>EmployeeNumber</th>\n      <th>EnvironmentSatisfaction</th>\n      <th>Gender</th>\n      <th>HourlyRate</th>\n      <th>JobInvolvement</th>\n      <th>JobLevel</th>\n      <th>JobRole</th>\n      <th>JobSatisfaction</th>\n      <th>MaritalStatus</th>\n      <th>MonthlyIncome</th>\n      <th>MonthlyRate</th>\n      <th>NumCompaniesWorked</th>\n      <th>Over18</th>\n      <th>OverTime</th>\n      <th>PercentSalaryHike</th>\n      <th>PerformanceRating</th>\n      <th>RelationshipSatisfaction</th>\n      <th>StandardHours</th>\n      <th>StockOptionLevel</th>\n      <th>TotalWorkingYears</th>\n      <th>TrainingTimesLastYear</th>\n      <th>WorkLifeBalance</th>\n      <th>YearsAtCompany</th>\n      <th>YearsInCurrentRole</th>\n      <th>YearsSinceLastPromotion</th>\n      <th>YearsWithCurrManager</th>\n    </tr>\n  </thead>\n  <tbody>\n    <tr>\n      <th>0</th>\n      <td>41</td>\n      <td>Yes</td>\n      <td>Travel_Rarely</td>\n      <td>1102</td>\n      <td>Sales</td>\n      <td>1</td>\n      <td>2</td>\n      <td>Life Sciences</td>\n      <td>1</td>\n      <td>1</td>\n      <td>2</td>\n      <td>Female</td>\n      <td>94</td>\n      <td>3</td>\n      <td>2</td>\n      <td>Sales Executive</td>\n      <td>4</td>\n      <td>Single</td>\n      <td>5993</td>\n      <td>19479</td>\n      <td>8</td>\n      <td>Y</td>\n      <td>Yes</td>\n      <td>11</td>\n      <td>3</td>\n      <td>1</td>\n      <td>80</td>\n      <td>0</td>\n      <td>8</td>\n      <td>0</td>\n      <td>1</td>\n      <td>6</td>\n      <td>4</td>\n      <td>0</td>\n      <td>5</td>\n    </tr>\n    <tr>\n      <th>1</th>\n      <td>49</td>\n      <td>No</td>\n      <td>Travel_Frequently</td>\n      <td>279</td>\n      <td>Research &amp; Development</td>\n      <td>8</td>\n      <td>1</td>\n      <td>Life Sciences</td>\n      <td>1</td>\n      <td>2</td>\n      <td>3</td>\n      <td>Male</td>\n      <td>61</td>\n      <td>2</td>\n      <td>2</td>\n      <td>Research Scientist</td>\n      <td>2</td>\n      <td>Married</td>\n      <td>5130</td>\n      <td>24907</td>\n      <td>1</td>\n      <td>Y</td>\n      <td>No</td>\n      <td>23</td>\n      <td>4</td>\n      <td>4</td>\n      <td>80</td>\n      <td>1</td>\n      <td>10</td>\n      <td>3</td>\n      <td>3</td>\n      <td>10</td>\n      <td>7</td>\n      <td>1</td>\n      <td>7</td>\n    </tr>\n    <tr>\n      <th>2</th>\n      <td>37</td>\n      <td>Yes</td>\n      <td>Travel_Rarely</td>\n      <td>1373</td>\n      <td>Research &amp; Development</td>\n      <td>2</td>\n      <td>2</td>\n      <td>Other</td>\n      <td>1</td>\n      <td>4</td>\n      <td>4</td>\n      <td>Male</td>\n      <td>92</td>\n      <td>2</td>\n      <td>1</td>\n      <td>Laboratory Technician</td>\n      <td>3</td>\n      <td>Single</td>\n      <td>2090</td>\n      <td>2396</td>\n      <td>6</td>\n      <td>Y</td>\n      <td>Yes</td>\n      <td>15</td>\n      <td>3</td>\n      <td>2</td>\n      <td>80</td>\n      <td>0</td>\n      <td>7</td>\n      <td>3</td>\n      <td>3</td>\n      <td>0</td>\n      <td>0</td>\n      <td>0</td>\n      <td>0</td>\n    </tr>\n    <tr>\n      <th>3</th>\n      <td>33</td>\n      <td>No</td>\n      <td>Travel_Frequently</td>\n      <td>1392</td>\n      <td>Research &amp; Development</td>\n      <td>3</td>\n      <td>4</td>\n      <td>Life Sciences</td>\n      <td>1</td>\n      <td>5</td>\n      <td>4</td>\n      <td>Female</td>\n      <td>56</td>\n      <td>3</td>\n      <td>1</td>\n      <td>Research Scientist</td>\n      <td>3</td>\n      <td>Married</td>\n      <td>2909</td>\n      <td>23159</td>\n      <td>1</td>\n      <td>Y</td>\n      <td>Yes</td>\n      <td>11</td>\n      <td>3</td>\n      <td>3</td>\n      <td>80</td>\n      <td>0</td>\n      <td>8</td>\n      <td>3</td>\n      <td>3</td>\n      <td>8</td>\n      <td>7</td>\n      <td>3</td>\n      <td>0</td>\n    </tr>\n    <tr>\n      <th>4</th>\n      <td>27</td>\n      <td>No</td>\n      <td>Travel_Rarely</td>\n      <td>591</td>\n      <td>Research &amp; Development</td>\n      <td>2</td>\n      <td>1</td>\n      <td>Medical</td>\n      <td>1</td>\n      <td>7</td>\n      <td>1</td>\n      <td>Male</td>\n      <td>40</td>\n      <td>3</td>\n      <td>1</td>\n      <td>Laboratory Technician</td>\n      <td>2</td>\n      <td>Married</td>\n      <td>3468</td>\n      <td>16632</td>\n      <td>9</td>\n      <td>Y</td>\n      <td>No</td>\n      <td>12</td>\n      <td>3</td>\n      <td>4</td>\n      <td>80</td>\n      <td>1</td>\n      <td>6</td>\n      <td>3</td>\n      <td>3</td>\n      <td>2</td>\n      <td>2</td>\n      <td>2</td>\n      <td>2</td>\n    </tr>\n  </tbody>\n</table>\n</div>"},"metadata":{}}]},{"metadata":{"_uuid":"572b04ffd595155966d85e6999a801425cacff99","_cell_guid":"57e2bf45-5920-af03-50c1-b5bba334eb11","trusted":true},"cell_type":"code","source":"# Looking for NaN\ndisplay(attrition.isnull().any())","execution_count":4,"outputs":[{"output_type":"display_data","data":{"text/plain":"Age                         False\nAttrition                   False\nBusinessTravel              False\nDailyRate                   False\nDepartment                  False\nDistanceFromHome            False\nEducation                   False\nEducationField              False\nEmployeeCount               False\nEmployeeNumber              False\nEnvironmentSatisfaction     False\nGender                      False\nHourlyRate                  False\nJobInvolvement              False\nJobLevel                    False\nJobRole                     False\nJobSatisfaction             False\nMaritalStatus               False\nMonthlyIncome               False\nMonthlyRate                 False\nNumCompaniesWorked          False\nOver18                      False\nOverTime                    False\nPercentSalaryHike           False\nPerformanceRating           False\nRelationshipSatisfaction    False\nStandardHours               False\nStockOptionLevel            False\nTotalWorkingYears           False\nTrainingTimesLastYear       False\nWorkLifeBalance             False\nYearsAtCompany              False\nYearsInCurrentRole          False\nYearsSinceLastPromotion     False\nYearsWithCurrManager        False\ndtype: bool"},"metadata":{}}]},{"metadata":{"_uuid":"16f5d0c262baf7126eb8da4b92190c13374ae83a","_cell_guid":"d33af20c-a8a1-2341-d0c1-fb91afa51274"},"cell_type":"markdown","source":"### Distribution of the dataset\n\nGenerally one of the first few steps in exploring the data would be to have a rough idea of how the features are distributed with one another. To do so, I shall invoke the familiar **kdeplot** function from the Seaborn plotting library and this generates bivariate plots as follows:"},{"metadata":{"_uuid":"25a7b556eece35ea3b32beb50d342e663905f61b","_cell_guid":"5f44820b-847c-5465-3251-e6e69ac4c3fe","trusted":true},"cell_type":"code","source":"# Define a dictionary for the target mapping\ntarget_map = {'Yes':1, 'No':0}\n# Use the pandas apply method to numerically encode our attrition target variable\nattrition[\"Attrition_numerical\"] = attrition[\"Attrition\"].apply(lambda x: target_map[x])","execution_count":5,"outputs":[]},{"metadata":{"_uuid":"e017c13122bb13bdd4f9659d3ef3e7f81109e5c6","_cell_guid":"5c5dc2ed-7608-4d84-c4f6-c591a3be7570"},"cell_type":"markdown","source":"### Correlation of Features\n\nThe next tool in a data explorer's arsenal is that of a correlation matrix. By plotting a correlation matrix, we have a very nice overview of how the features are related to one another. For a Pandas dataframe, we can conveniently use the call **.corr** which by default provides the Pearson Correlation values of the columns pairwise in that dataframe.\n\nIn this correlation plot, I will use the the Plotly library to produce a interactive Pearson correlation matrix via the Heatmap function as follows:"},{"metadata":{"_uuid":"be8292954823fb97dd7ed27096d15c8d0cb267e2","_cell_guid":"a2266ca6-3589-f065-4ca3-f3a8fe558000","trusted":true},"cell_type":"code","source":"# creating a list of only numerical values\nnumerical = [u'Age', u'DailyRate', u'DistanceFromHome', \n             u'Education', u'EmployeeNumber', u'EnvironmentSatisfaction',\n             u'HourlyRate', u'JobInvolvement', u'JobLevel', u'JobSatisfaction',\n             u'MonthlyIncome', u'MonthlyRate', u'NumCompaniesWorked',\n             u'PercentSalaryHike', u'PerformanceRating', u'RelationshipSatisfaction',\n             u'StockOptionLevel', u'TotalWorkingYears',\n             u'TrainingTimesLastYear', u'WorkLifeBalance', u'YearsAtCompany',\n             u'YearsInCurrentRole', u'YearsSinceLastPromotion',u'YearsWithCurrManager']\ndata = [\n    go.Heatmap(\n        z= attrition[numerical].astype(float).corr().values, # Generating the Pearson correlation\n        x=attrition[numerical].columns.values,\n        y=attrition[numerical].columns.values,\n        colorscale='Viridis',\n        reversescale = False,\n#         text = True ,\n        opacity = 1.0\n        \n    )\n]\n\n\nlayout = go.Layout(\n    title='Pearson Correlation of numerical features',\n    xaxis = dict(ticks='', nticks=36),\n    yaxis = dict(ticks='' ),\n    width = 900, height = 700,\n    \n)\n\n\nfig = go.Figure(data=data, layout=layout)\npy.iplot(fig, filename='labelled-heatmap')","execution_count":6,"outputs":[{"output_type":"display_data","data":{"application/vnd.plotly.v1+json":{"data":[{"colorscale":"Viridis","opacity":1,"reversescale":false,"x":["Age","DailyRate","DistanceFromHome","Education","EmployeeNumber","EnvironmentSatisfaction","HourlyRate","JobInvolvement","JobLevel","JobSatisfaction","MonthlyIncome","MonthlyRate","NumCompaniesWorked","PercentSalaryHike","PerformanceRating","RelationshipSatisfaction","StockOptionLevel","TotalWorkingYears","TrainingTimesLastYear","WorkLifeBalance","YearsAtCompany","YearsInCurrentRole","YearsSinceLastPromotion","YearsWithCurrManager"],"y":["Age","DailyRate","DistanceFromHome","Education","EmployeeNumber","EnvironmentSatisfaction","HourlyRate","JobInvolvement","JobLevel","JobSatisfaction","MonthlyIncome","MonthlyRate","NumCompaniesWorked","PercentSalaryHike","PerformanceRating","RelationshipSatisfaction","StockOptionLevel","TotalWorkingYears","TrainingTimesLastYear","WorkLifeBalance","YearsAtCompany","YearsInCurrentRole","YearsSinceLastPromotion","YearsWithCurrManager"],"z":[[1,0.010660942645538149,-0.0016861201480870135,0.20803373101424003,-0.010145467076855675,0.010146427861437251,0.02428654255096734,0.02981995862959055,0.5096042284323877,-0.004891877148687357,0.49785456692658075,0.028051167133922784,0.29963475798369266,0.0036335849148617645,0.0019038955127583738,0.053534719671228664,0.0375097124247778,0.6803805357911991,-0.019620818942698393,-0.021490027957098534,0.3113087697450993,0.21290105556556693,0.21651336785165384,0.20208860237515222],[0.010660942645538149,1,-0.004985337352552674,-0.01680643320915765,-0.050990433654478126,0.018354854300385467,0.023381421528320238,0.04613487399781132,0.0029663348551117142,0.03057100783714411,0.007707058872006039,-0.032181601522581774,0.03815343427940969,0.022703677496334916,0.0004732963271882408,0.007846030957248321,0.042142796377206686,0.014514738706320859,0.002452542712083261,-0.037848051005781515,-0.034054767568547466,0.009932014960094184,-0.03322898478777197,-0.026363178228837648],[-0.0016861201480870135,-0.004985337352552674,1,0.021041825624123364,0.032916407199243866,-0.016075326996493465,0.031130585611766015,0.008783279886444232,0.00530273055449623,-0.0036688391677204214,-0.01701444474527587,0.027472863548884053,-0.029250804197292986,0.04023537745919304,0.02710961848197604,0.006557474646578711,0.044871998853181376,0.004628425863783853,-0.036942234339916,-0.02655600410656897,0.009507719899011271,0.018844999108945663,0.010028835943115365,0.014406048430629939],[0.20803373101424003,-0.01680643320915765,0.021041825624123364,1,0.042070093029328424,-0.027128313256511653,0.016774828880960865,0.042437634318608114,0.10158888624850132,-0.011296116736574009,0.09496067704188856,-0.026084197160047597,0.12631656017668416,-0.011110940860654199,-0.024538791164833422,-0.009118376696381497,0.01842222020401694,0.14827969653887266,-0.025100241137933486,0.009819189309781843,0.06911369603133874,0.060235554120695735,0.05425433359132035,0.06906537825528397],[-0.010145467076855675,-0.050990433654478126,0.032916407199243866,0.042070093029328424,1,0.017620802485588,0.035179212418711185,-0.006887922987035419,-0.018519193974228312,-0.046246734939416716,-0.014828515873784741,0.012648229168459414,-0.001251032039801599,-0.012943995546151018,-0.0203588251469522,-0.06986141146763623,0.06222669251362312,-0.014365198461300408,0.02360316959192501,0.010308641437966677,-0.011240463708114035,-0.008416311998425857,-0.009019064206633747,-0.009196645292770457],[0.010146427861437251,0.018354854300385467,-0.016075326996493465,-0.027128313256511653,0.017620802485588,1,-0.04985695620300049,-0.008277598171759227,0.001211699448913975,-0.006784352599075191,-0.006259087754780221,0.03759962286571541,0.012594323218943297,-0.03170119524179215,-0.029547952297681358,0.0076653835410744765,0.0034321577550576604,-0.0026930703885341364,-0.019359308347132335,0.027627295460115407,0.0014575491911166178,0.018007460142878566,0.016193605568453423,-0.0049987226281075076],[0.02428654255096734,0.023381421528320238,0.031130585611766015,0.016774828880960865,0.035179212418711185,-0.04985695620300049,1,0.04286064097152996,-0.027853486405547332,-0.07133462437378851,-0.015794304380892906,-0.015296749550649706,0.022156883390196815,-0.009061986253740113,-0.0021716974278102176,0.0013304527859505607,0.05026339906511977,-0.002333681823322244,-0.008547685209270621,-0.004607233750264436,-0.019581616209121213,-0.02410622020878486,-0.02671558606433533,-0.020123200184066038],[0.02981995862959055,0.04613487399781132,0.008783279886444232,0.042437634318608114,-0.006887922987035419,-0.008277598171759227,0.04286064097152996,1,-0.012629882671190917,-0.02147591033530702,-0.015271490778732858,-0.016322079053317184,0.01501241324311095,-0.017204572244480576,-0.029071333439070115,0.03429682061119727,0.021522640378023945,-0.005533182057407529,-0.015337825759428998,-0.014616593162761336,-0.02135542697962983,0.008716963497611708,-0.024184292365178967,0.025975807949088905],[0.5096042284323877,0.0029663348551117142,0.00530273055449623,0.10158888624850132,-0.018519193974228312,0.001211699448913975,-0.027853486405547332,-0.012629882671190917,1,-0.0019437080267456803,0.950299913479854,0.039562951045684296,0.14250112381048835,-0.03473049227941859,-0.021222082108856632,0.021641510532591626,0.013983910528615518,0.7822078045362802,-0.01819055019354957,0.03781774559666627,0.5347386873756353,0.3894467328766716,0.35388534696410395,0.3752806077657263],[-0.004891877148687357,0.03057100783714411,-0.0036688391677204214,-0.011296116736574009,-0.046246734939416716,-0.006784352599075191,-0.07133462437378851,-0.02147591033530702,-0.0019437080267456803,1,-0.007156742355912731,0.0006439169427039258,-0.05569942601274601,0.020002039364081937,0.0022971970637801426,-0.012453593161926874,0.01069022612075585,-0.02018507268501687,-0.005779334958609058,-0.019458710212974534,-0.003802627948288062,-0.0023047852298301056,-0.018213567810190918,-0.02765621388428996],[0.49785456692658075,0.007707058872006039,-0.01701444474527587,0.09496067704188856,-0.014828515873784741,-0.006259087754780221,-0.015794304380892906,-0.015271490778732858,0.950299913479854,-0.007156742355912731,1,0.034813626134121846,0.14951521598969764,-0.027268586440314498,-0.017120138237390704,0.025873436137557375,0.005407676696812226,0.7728932462543548,-0.021736276823893293,0.030683081556940366,0.5142848257331964,0.36381766692870654,0.34497763816542787,0.3440788832587207],[0.028051167133922784,-0.032181601522581774,0.027472863548884053,-0.026084197160047597,0.012648229168459414,0.03759962286571541,-0.015296749550649706,-0.016322079053317184,0.039562951045684296,0.0006439169427039258,0.034813626134121846,1,0.017521353415571556,-0.006429345946711349,-0.00981142848936072,-0.004085329337519465,-0.034322830206661034,0.026442471176015413,0.0014668806322857696,0.007963157516976974,-0.02365510670617723,-0.012814874370471655,0.0015667995146762359,-0.036745905336769295],[0.29963475798369266,0.03815343427940969,-0.029250804197292986,0.12631656017668416,-0.001251032039801599,0.012594323218943297,0.022156883390196815,0.01501241324311095,0.14250112381048835,-0.05569942601274601,0.14951521598969764,0.017521353415571556,1,-0.010238309359925531,-0.014094872753535341,0.052733048564885456,0.03007547509689753,0.23763858978479374,-0.06605407172783631,-0.008365684790058657,-0.11842134024259048,-0.09075393370080816,-0.03681389238350813,-0.11031915543773214],[0.0036335849148617645,0.022703677496334916,0.04023537745919304,-0.011110940860654199,-0.012943995546151018,-0.03170119524179215,-0.009061986253740113,-0.017204572244480576,-0.03473049227941859,0.020002039364081937,-0.027268586440314498,-0.006429345946711349,-0.010238309359925531,1,0.7735499964012668,-0.0404900810570771,0.00752774782052024,-0.02060848761769149,-0.005221012351720988,-0.0032796360093679373,-0.03599126243195386,-0.0015200265442777384,-0.022154312598866084,-0.011985248472361218],[0.0019038955127583738,0.0004732963271882408,0.02710961848197604,-0.024538791164833422,-0.0203588251469522,-0.029547952297681358,-0.0021716974278102176,-0.029071333439070115,-0.021222082108856632,0.0022971970637801426,-0.017120138237390704,-0.00981142848936072,-0.014094872753535341,0.7735499964012668,1,-0.03135145544245493,0.003506471614809925,0.006743667905952884,-0.015578881739137221,0.002572361317682325,0.003435126115923952,0.03498626040719472,0.017896066144799612,0.022827168908479786],[0.053534719671228664,0.007846030957248321,0.006557474646578711,-0.009118376696381497,-0.06986141146763623,0.0076653835410744765,0.0013304527859505607,0.03429682061119727,0.021641510532591626,-0.012453593161926874,0.025873436137557375,-0.004085329337519465,0.052733048564885456,-0.0404900810570771,-0.03135145544245493,1,-0.04595249071656096,0.02405429182134115,0.0024965263921170973,0.01960440570396862,0.019366786877455352,-0.015122914881937524,0.033492502069353614,-0.0008674968446255921],[0.0375097124247778,0.042142796377206686,0.044871998853181376,0.01842222020401694,0.06222669251362312,0.0034321577550576604,0.05026339906511977,0.021522640378023945,0.013983910528615518,0.01069022612075585,0.005407676696812226,-0.034322830206661034,0.03007547509689753,0.00752774782052024,0.003506471614809925,-0.04595249071656096,1,0.01013596931890164,0.011274069611249013,0.004128730002871822,0.015058008028094429,0.05081787275393108,0.014352184864355582,0.02469822656302997],[0.6803805357911991,0.014514738706320859,0.004628425863783853,0.14827969653887266,-0.014365198461300408,-0.0026930703885341364,-0.002333681823322244,-0.005533182057407529,0.7822078045362802,-0.02018507268501687,0.7728932462543548,0.026442471176015413,0.23763858978479374,-0.02060848761769149,0.006743667905952884,0.02405429182134115,0.01013596931890164,1,-0.03566157127961898,0.0010076456218964744,0.6281331552682479,0.4603646380118082,0.40485775850255995,0.4591883970831438],[-0.019620818942698393,0.002452542712083261,-0.036942234339916,-0.025100241137933486,0.02360316959192501,-0.019359308347132335,-0.008547685209270621,-0.015337825759428998,-0.01819055019354957,-0.005779334958609058,-0.021736276823893293,0.0014668806322857696,-0.06605407172783631,-0.005221012351720988,-0.015578881739137221,0.0024965263921170973,0.011274069611249013,-0.03566157127961898,1,0.028072206603628903,0.003568665678427497,-0.005737504337956901,-0.00206653603800598,-0.0040955260212261965],[-0.021490027957098534,-0.037848051005781515,-0.02655600410656897,0.009819189309781843,0.010308641437966677,0.027627295460115407,-0.004607233750264436,-0.014616593162761336,0.03781774559666627,-0.019458710212974534,0.030683081556940366,0.007963157516976974,-0.008365684790058657,-0.0032796360093679373,0.002572361317682325,0.01960440570396862,0.004128730002871822,0.0010076456218964744,0.028072206603628903,1,0.012089185354581271,0.04985649792220411,0.008941249141234248,0.002759440242340434],[0.3113087697450993,-0.034054767568547466,0.009507719899011271,0.06911369603133874,-0.011240463708114035,0.0014575491911166178,-0.019581616209121213,-0.02135542697962983,0.5347386873756353,-0.003802627948288062,0.5142848257331964,-0.02365510670617723,-0.11842134024259048,-0.03599126243195386,0.003435126115923952,0.019366786877455352,0.015058008028094429,0.6281331552682479,0.003568665678427497,0.012089185354581271,1,0.7587537366134616,0.618408865217602,0.7692124251006991],[0.21290105556556693,0.009932014960094184,0.018844999108945663,0.060235554120695735,-0.008416311998425857,0.018007460142878566,-0.02410622020878486,0.008716963497611708,0.3894467328766716,-0.0023047852298301056,0.36381766692870654,-0.012814874370471655,-0.09075393370080816,-0.0015200265442777384,0.03498626040719472,-0.015122914881937524,0.05081787275393108,0.4603646380118082,-0.005737504337956901,0.04985649792220411,0.7587537366134616,1,0.5480562476995158,0.7143647616385903],[0.21651336785165384,-0.03322898478777197,0.010028835943115365,0.05425433359132035,-0.009019064206633747,0.016193605568453423,-0.02671558606433533,-0.024184292365178967,0.35388534696410395,-0.018213567810190918,0.34497763816542787,0.0015667995146762359,-0.03681389238350813,-0.022154312598866084,0.017896066144799612,0.033492502069353614,0.014352184864355582,0.40485775850255995,-0.00206653603800598,0.008941249141234248,0.618408865217602,0.5480562476995158,1,0.5102236357788096],[0.20208860237515222,-0.026363178228837648,0.014406048430629939,0.06906537825528397,-0.009196645292770457,-0.0049987226281075076,-0.020123200184066038,0.025975807949088905,0.3752806077657263,-0.02765621388428996,0.3440788832587207,-0.036745905336769295,-0.11031915543773214,-0.011985248472361218,0.022827168908479786,-0.0008674968446255921,0.02469822656302997,0.4591883970831438,-0.0040955260212261965,0.002759440242340434,0.7692124251006991,0.7143647616385903,0.5102236357788096,1]],"type":"heatmap","uid":"e1e450a2-30e7-11eb-be37-0242ac130202"}],"layout":{"height":700,"title":"Pearson Correlation of numerical features","width":900,"xaxis":{"nticks":36,"ticks":""},"yaxis":{"ticks":""}}},"text/html":"<div id=\"4fdb1204-c4d6-40d2-acae-c3d4b16af127\" style=\"height: 700px; width: 900px;\" class=\"plotly-graph-div\"></div><script type=\"text/javascript\">require([\"plotly\"], function(Plotly) { window.PLOTLYENV=window.PLOTLYENV || {};window.PLOTLYENV.BASE_URL=\"https://plot.ly\";Plotly.newPlot(\"4fdb1204-c4d6-40d2-acae-c3d4b16af127\", [{\"colorscale\": \"Viridis\", \"opacity\": 1.0, \"reversescale\": false, \"x\": [\"Age\", \"DailyRate\", \"DistanceFromHome\", \"Education\", \"EmployeeNumber\", \"EnvironmentSatisfaction\", \"HourlyRate\", \"JobInvolvement\", \"JobLevel\", \"JobSatisfaction\", \"MonthlyIncome\", \"MonthlyRate\", \"NumCompaniesWorked\", \"PercentSalaryHike\", \"PerformanceRating\", \"RelationshipSatisfaction\", \"StockOptionLevel\", \"TotalWorkingYears\", \"TrainingTimesLastYear\", \"WorkLifeBalance\", \"YearsAtCompany\", \"YearsInCurrentRole\", \"YearsSinceLastPromotion\", \"YearsWithCurrManager\"], \"y\": [\"Age\", \"DailyRate\", \"DistanceFromHome\", \"Education\", \"EmployeeNumber\", \"EnvironmentSatisfaction\", \"HourlyRate\", \"JobInvolvement\", \"JobLevel\", \"JobSatisfaction\", \"MonthlyIncome\", \"MonthlyRate\", \"NumCompaniesWorked\", \"PercentSalaryHike\", \"PerformanceRating\", \"RelationshipSatisfaction\", \"StockOptionLevel\", \"TotalWorkingYears\", \"TrainingTimesLastYear\", \"WorkLifeBalance\", \"YearsAtCompany\", \"YearsInCurrentRole\", \"YearsSinceLastPromotion\", \"YearsWithCurrManager\"], \"z\": [[1.0, 0.010660942645538149, -0.0016861201480870135, 0.20803373101424003, -0.010145467076855675, 0.010146427861437251, 0.02428654255096734, 0.02981995862959055, 0.5096042284323877, -0.004891877148687357, 0.49785456692658075, 0.028051167133922784, 0.29963475798369266, 0.0036335849148617645, 0.0019038955127583738, 0.053534719671228664, 0.0375097124247778, 0.6803805357911991, -0.019620818942698393, -0.021490027957098534, 0.3113087697450993, 0.21290105556556693, 0.21651336785165384, 0.20208860237515222], [0.010660942645538149, 1.0, -0.004985337352552674, -0.01680643320915765, -0.050990433654478126, 0.018354854300385467, 0.023381421528320238, 0.04613487399781132, 0.0029663348551117142, 0.03057100783714411, 0.007707058872006039, -0.032181601522581774, 0.03815343427940969, 0.022703677496334916, 0.0004732963271882408, 0.007846030957248321, 0.042142796377206686, 0.014514738706320859, 0.002452542712083261, -0.037848051005781515, -0.034054767568547466, 0.009932014960094184, -0.03322898478777197, -0.026363178228837648], [-0.0016861201480870135, -0.004985337352552674, 1.0, 0.021041825624123364, 0.032916407199243866, -0.016075326996493465, 0.031130585611766015, 0.008783279886444232, 0.00530273055449623, -0.0036688391677204214, -0.01701444474527587, 0.027472863548884053, -0.029250804197292986, 0.04023537745919304, 0.02710961848197604, 0.006557474646578711, 0.044871998853181376, 0.004628425863783853, -0.036942234339916, -0.02655600410656897, 0.009507719899011271, 0.018844999108945663, 0.010028835943115365, 0.014406048430629939], [0.20803373101424003, -0.01680643320915765, 0.021041825624123364, 1.0, 0.042070093029328424, -0.027128313256511653, 0.016774828880960865, 0.042437634318608114, 0.10158888624850132, -0.011296116736574009, 0.09496067704188856, -0.026084197160047597, 0.12631656017668416, -0.011110940860654199, -0.024538791164833422, -0.009118376696381497, 0.01842222020401694, 0.14827969653887266, -0.025100241137933486, 0.009819189309781843, 0.06911369603133874, 0.060235554120695735, 0.05425433359132035, 0.06906537825528397], [-0.010145467076855675, -0.050990433654478126, 0.032916407199243866, 0.042070093029328424, 1.0, 0.017620802485588, 0.035179212418711185, -0.006887922987035419, -0.018519193974228312, -0.046246734939416716, -0.014828515873784741, 0.012648229168459414, -0.001251032039801599, -0.012943995546151018, -0.0203588251469522, -0.06986141146763623, 0.06222669251362312, -0.014365198461300408, 0.02360316959192501, 0.010308641437966677, -0.011240463708114035, -0.008416311998425857, -0.009019064206633747, -0.009196645292770457], [0.010146427861437251, 0.018354854300385467, -0.016075326996493465, -0.027128313256511653, 0.017620802485588, 1.0, -0.04985695620300049, -0.008277598171759227, 0.001211699448913975, -0.006784352599075191, -0.006259087754780221, 0.03759962286571541, 0.012594323218943297, -0.03170119524179215, -0.029547952297681358, 0.0076653835410744765, 0.0034321577550576604, -0.0026930703885341364, -0.019359308347132335, 0.027627295460115407, 0.0014575491911166178, 0.018007460142878566, 0.016193605568453423, -0.0049987226281075076], [0.02428654255096734, 0.023381421528320238, 0.031130585611766015, 0.016774828880960865, 0.035179212418711185, -0.04985695620300049, 1.0, 0.04286064097152996, -0.027853486405547332, -0.07133462437378851, -0.015794304380892906, -0.015296749550649706, 0.022156883390196815, -0.009061986253740113, -0.0021716974278102176, 0.0013304527859505607, 0.05026339906511977, -0.002333681823322244, -0.008547685209270621, -0.004607233750264436, -0.019581616209121213, -0.02410622020878486, -0.02671558606433533, -0.020123200184066038], [0.02981995862959055, 0.04613487399781132, 0.008783279886444232, 0.042437634318608114, -0.006887922987035419, -0.008277598171759227, 0.04286064097152996, 1.0, -0.012629882671190917, -0.02147591033530702, -0.015271490778732858, -0.016322079053317184, 0.01501241324311095, -0.017204572244480576, -0.029071333439070115, 0.03429682061119727, 0.021522640378023945, -0.005533182057407529, -0.015337825759428998, -0.014616593162761336, -0.02135542697962983, 0.008716963497611708, -0.024184292365178967, 0.025975807949088905], [0.5096042284323877, 0.0029663348551117142, 0.00530273055449623, 0.10158888624850132, -0.018519193974228312, 0.001211699448913975, -0.027853486405547332, -0.012629882671190917, 1.0, -0.0019437080267456803, 0.950299913479854, 0.039562951045684296, 0.14250112381048835, -0.03473049227941859, -0.021222082108856632, 0.021641510532591626, 0.013983910528615518, 0.7822078045362802, -0.01819055019354957, 0.03781774559666627, 0.5347386873756353, 0.3894467328766716, 0.35388534696410395, 0.3752806077657263], [-0.004891877148687357, 0.03057100783714411, -0.0036688391677204214, -0.011296116736574009, -0.046246734939416716, -0.006784352599075191, -0.07133462437378851, -0.02147591033530702, -0.0019437080267456803, 1.0, -0.007156742355912731, 0.0006439169427039258, -0.05569942601274601, 0.020002039364081937, 0.0022971970637801426, -0.012453593161926874, 0.01069022612075585, -0.02018507268501687, -0.005779334958609058, -0.019458710212974534, -0.003802627948288062, -0.0023047852298301056, -0.018213567810190918, -0.02765621388428996], [0.49785456692658075, 0.007707058872006039, -0.01701444474527587, 0.09496067704188856, -0.014828515873784741, -0.006259087754780221, -0.015794304380892906, -0.015271490778732858, 0.950299913479854, -0.007156742355912731, 1.0, 0.034813626134121846, 0.14951521598969764, -0.027268586440314498, -0.017120138237390704, 0.025873436137557375, 0.005407676696812226, 0.7728932462543548, -0.021736276823893293, 0.030683081556940366, 0.5142848257331964, 0.36381766692870654, 0.34497763816542787, 0.3440788832587207], [0.028051167133922784, -0.032181601522581774, 0.027472863548884053, -0.026084197160047597, 0.012648229168459414, 0.03759962286571541, -0.015296749550649706, -0.016322079053317184, 0.039562951045684296, 0.0006439169427039258, 0.034813626134121846, 1.0, 0.017521353415571556, -0.006429345946711349, -0.00981142848936072, -0.004085329337519465, -0.034322830206661034, 0.026442471176015413, 0.0014668806322857696, 0.007963157516976974, -0.02365510670617723, -0.012814874370471655, 0.0015667995146762359, -0.036745905336769295], [0.29963475798369266, 0.03815343427940969, -0.029250804197292986, 0.12631656017668416, -0.001251032039801599, 0.012594323218943297, 0.022156883390196815, 0.01501241324311095, 0.14250112381048835, -0.05569942601274601, 0.14951521598969764, 0.017521353415571556, 1.0, -0.010238309359925531, -0.014094872753535341, 0.052733048564885456, 0.03007547509689753, 0.23763858978479374, -0.06605407172783631, -0.008365684790058657, -0.11842134024259048, -0.09075393370080816, -0.03681389238350813, -0.11031915543773214], [0.0036335849148617645, 0.022703677496334916, 0.04023537745919304, -0.011110940860654199, -0.012943995546151018, -0.03170119524179215, -0.009061986253740113, -0.017204572244480576, -0.03473049227941859, 0.020002039364081937, -0.027268586440314498, -0.006429345946711349, -0.010238309359925531, 1.0, 0.7735499964012668, -0.0404900810570771, 0.00752774782052024, -0.02060848761769149, -0.005221012351720988, -0.0032796360093679373, -0.03599126243195386, -0.0015200265442777384, -0.022154312598866084, -0.011985248472361218], [0.0019038955127583738, 0.0004732963271882408, 0.02710961848197604, -0.024538791164833422, -0.0203588251469522, -0.029547952297681358, -0.0021716974278102176, -0.029071333439070115, -0.021222082108856632, 0.0022971970637801426, -0.017120138237390704, -0.00981142848936072, -0.014094872753535341, 0.7735499964012668, 1.0, -0.03135145544245493, 0.003506471614809925, 0.006743667905952884, -0.015578881739137221, 0.002572361317682325, 0.003435126115923952, 0.03498626040719472, 0.017896066144799612, 0.022827168908479786], [0.053534719671228664, 0.007846030957248321, 0.006557474646578711, -0.009118376696381497, -0.06986141146763623, 0.0076653835410744765, 0.0013304527859505607, 0.03429682061119727, 0.021641510532591626, -0.012453593161926874, 0.025873436137557375, -0.004085329337519465, 0.052733048564885456, -0.0404900810570771, -0.03135145544245493, 1.0, -0.04595249071656096, 0.02405429182134115, 0.0024965263921170973, 0.01960440570396862, 0.019366786877455352, -0.015122914881937524, 0.033492502069353614, -0.0008674968446255921], [0.0375097124247778, 0.042142796377206686, 0.044871998853181376, 0.01842222020401694, 0.06222669251362312, 0.0034321577550576604, 0.05026339906511977, 0.021522640378023945, 0.013983910528615518, 0.01069022612075585, 0.005407676696812226, -0.034322830206661034, 0.03007547509689753, 0.00752774782052024, 0.003506471614809925, -0.04595249071656096, 1.0, 0.01013596931890164, 0.011274069611249013, 0.004128730002871822, 0.015058008028094429, 0.05081787275393108, 0.014352184864355582, 0.02469822656302997], [0.6803805357911991, 0.014514738706320859, 0.004628425863783853, 0.14827969653887266, -0.014365198461300408, -0.0026930703885341364, -0.002333681823322244, -0.005533182057407529, 0.7822078045362802, -0.02018507268501687, 0.7728932462543548, 0.026442471176015413, 0.23763858978479374, -0.02060848761769149, 0.006743667905952884, 0.02405429182134115, 0.01013596931890164, 1.0, -0.03566157127961898, 0.0010076456218964744, 0.6281331552682479, 0.4603646380118082, 0.40485775850255995, 0.4591883970831438], [-0.019620818942698393, 0.002452542712083261, -0.036942234339916, -0.025100241137933486, 0.02360316959192501, -0.019359308347132335, -0.008547685209270621, -0.015337825759428998, -0.01819055019354957, -0.005779334958609058, -0.021736276823893293, 0.0014668806322857696, -0.06605407172783631, -0.005221012351720988, -0.015578881739137221, 0.0024965263921170973, 0.011274069611249013, -0.03566157127961898, 1.0, 0.028072206603628903, 0.003568665678427497, -0.005737504337956901, -0.00206653603800598, -0.0040955260212261965], [-0.021490027957098534, -0.037848051005781515, -0.02655600410656897, 0.009819189309781843, 0.010308641437966677, 0.027627295460115407, -0.004607233750264436, -0.014616593162761336, 0.03781774559666627, -0.019458710212974534, 0.030683081556940366, 0.007963157516976974, -0.008365684790058657, -0.0032796360093679373, 0.002572361317682325, 0.01960440570396862, 0.004128730002871822, 0.0010076456218964744, 0.028072206603628903, 1.0, 0.012089185354581271, 0.04985649792220411, 0.008941249141234248, 0.002759440242340434], [0.3113087697450993, -0.034054767568547466, 0.009507719899011271, 0.06911369603133874, -0.011240463708114035, 0.0014575491911166178, -0.019581616209121213, -0.02135542697962983, 0.5347386873756353, -0.003802627948288062, 0.5142848257331964, -0.02365510670617723, -0.11842134024259048, -0.03599126243195386, 0.003435126115923952, 0.019366786877455352, 0.015058008028094429, 0.6281331552682479, 0.003568665678427497, 0.012089185354581271, 1.0, 0.7587537366134616, 0.618408865217602, 0.7692124251006991], [0.21290105556556693, 0.009932014960094184, 0.018844999108945663, 0.060235554120695735, -0.008416311998425857, 0.018007460142878566, -0.02410622020878486, 0.008716963497611708, 0.3894467328766716, -0.0023047852298301056, 0.36381766692870654, -0.012814874370471655, -0.09075393370080816, -0.0015200265442777384, 0.03498626040719472, -0.015122914881937524, 0.05081787275393108, 0.4603646380118082, -0.005737504337956901, 0.04985649792220411, 0.7587537366134616, 1.0, 0.5480562476995158, 0.7143647616385903], [0.21651336785165384, -0.03322898478777197, 0.010028835943115365, 0.05425433359132035, -0.009019064206633747, 0.016193605568453423, -0.02671558606433533, -0.024184292365178967, 0.35388534696410395, -0.018213567810190918, 0.34497763816542787, 0.0015667995146762359, -0.03681389238350813, -0.022154312598866084, 0.017896066144799612, 0.033492502069353614, 0.014352184864355582, 0.40485775850255995, -0.00206653603800598, 0.008941249141234248, 0.618408865217602, 0.5480562476995158, 1.0, 0.5102236357788096], [0.20208860237515222, -0.026363178228837648, 0.014406048430629939, 0.06906537825528397, -0.009196645292770457, -0.0049987226281075076, -0.020123200184066038, 0.025975807949088905, 0.3752806077657263, -0.02765621388428996, 0.3440788832587207, -0.036745905336769295, -0.11031915543773214, -0.011985248472361218, 0.022827168908479786, -0.0008674968446255921, 0.02469822656302997, 0.4591883970831438, -0.0040955260212261965, 0.002759440242340434, 0.7692124251006991, 0.7143647616385903, 0.5102236357788096, 1.0]], \"type\": \"heatmap\", \"uid\": \"e1e450a2-30e7-11eb-be37-0242ac130202\"}], {\"height\": 700, \"title\": \"Pearson Correlation of numerical features\", \"width\": 900, \"xaxis\": {\"nticks\": 36, \"ticks\": \"\"}, \"yaxis\": {\"ticks\": \"\"}}, {\"showLink\": true, \"linkText\": \"Export to plot.ly\"})});</script>","text/vnd.plotly.v1+html":"<div id=\"4fdb1204-c4d6-40d2-acae-c3d4b16af127\" style=\"height: 700px; width: 900px;\" class=\"plotly-graph-div\"></div><script type=\"text/javascript\">require([\"plotly\"], function(Plotly) { window.PLOTLYENV=window.PLOTLYENV || {};window.PLOTLYENV.BASE_URL=\"https://plot.ly\";Plotly.newPlot(\"4fdb1204-c4d6-40d2-acae-c3d4b16af127\", [{\"colorscale\": \"Viridis\", \"opacity\": 1.0, \"reversescale\": false, \"x\": [\"Age\", \"DailyRate\", \"DistanceFromHome\", \"Education\", \"EmployeeNumber\", \"EnvironmentSatisfaction\", \"HourlyRate\", \"JobInvolvement\", \"JobLevel